0.21325257 0.21325257 0.29318663
0.82063745 0.82063745 0.74877387
0.25777028 0.25777028 1.40776581
0.19947036 0.19947036 1.46418344
1.25586229 1.25586229 1.14214393
0.92015001 0.92015001 0.87273189
0.36374757 0.36374757 0.79808332
0.90067262 0.90067262 0.88261955
0.49261481 0.49261481 0.71348667
1.59941547 1.59941547 1.41064587
1.59596727 1.59596727 1.40532908
1.10006473 1.10006473 1.01988013
1.0906533  1.0906533  1.01328298
0.79085841 0.79085841 0.69690181
0.7592164  0.7592164  1.01595497
1.33958936 1.33958936 1.24036146
1.35697394 1.35697394 1.24901033
1.06262854 1.06262854 1.07773401
1.23438112 1.23438112 1.16250009